TECHNOLOGIES	 c_inv	 c_maint	 lifetime	  f_min	 f	 f_max	 fmin_perc	f_perc	 fmax_perc	 c_p	 c_p_max	 tau	 gwp_constr
 UNITS	[MCHCapitalf/GW]	 [MCHCapitalf/GW]	 [y]	 [GW or GWh]	 [GW or GWh]	 [GW or GWh]	 [0-1]	 [0-1]	 [0-1]	 [0-1]	 [0-1]	 [-]	 [ktCO2-eq./GW or GWh] 
NUCLEAR	35675.267412	757.798505	60.000000	7.362200	7.362200	7.362200	0.000000	0.217358	1.000000	0.849000	0.849000	0.025393	5211.554136	
CCGT	21064.644349	538.363262	25.000000	27.286100	27.286100	27.286100	0.000000	0.142329	1.000000	0.150000	0.150000	0.048263	5014.912319	
COAL_US	5448.667806	64.307332	35.000000	2.165000	2.165000	2.165000	0.000000	0.046527	1.000000	0.618000	0.618000	0.036934	717.914000	
COAL_IGCC	0.000000	0.000000	35.000000	0.000000	0.000000	0.000000	0.000000	0.000000	1.000000	0.000000	0.856000	0.036934	0.000000	
PV	16461.270000	204.630615	25.000000	4.664000	18.921000	18.921000	0.000000	0.128281	1.000000	0.194966	1.000000	0.048263	39382.737030	
PT_POWER_BLOCK	2321.556825	139.239625	25.000000	2.222500	2.222500	2.222500	0.000000	0.021473	1.000000	0.277836	1.000000	0.048263	0.000000	
ST_POWER_BLOCK	39.177690	3.213000	25.000000	0.051000	0.051000	0.051000	0.000000	0.000779	1.000000	0.439403	1.000000	0.048263	0.000000	
STIRLING_DISH	15.345000	0.241155	30.000000	0.002250	0.002250	0.002250	0.000000	0.000010	1.000000	0.125895	1.000000	0.041639	0.000000	
WIND_ONSHORE	39554.320000	109.915370	30.000000	23.020000	38.033000	38.033000	0.000000	0.331856	1.000000	0.250917	1.000000	0.041639	23688.854050	
WIND_OFFSHORE	0.000000	0.000000	30.000000	0.000000	0.000000	0.000000	0.000000	0.000000	1.000000	0.000000	1.000000	0.041639	0.000000	
HYDRO_DAM	68305.470968	341.499769	40.000000	16.260500	16.260500	16.300000	0.000000	0.078691	1.000000	0.139165	1.000000	0.033427	27527.075240	
HYDRO_RIVER	5888.228753	58.877151	40.000000	1.167150	1.167160	1.167160	0.000000	0.032687	1.000000	0.805341	1.000000	0.033427	1473.912991	
NEW_TIDAL_STREAM	0.000000	0.000000	20.000000	0.000000	0.000000	0.000000	0.000000	0.000000	0.000000	0.000000	1.000000	0.058246	0.000000	
TIDAL_STREAM	0.000000	0.000000	20.000000	0.000000	0.000000	0.070000	0.000000	0.000000	1.000000	0.000000	1.000000	0.058246	0.000000	
TIDAL_RANGE	0.000000	0.000000	40.000000	0.000000	0.000000	0.070000	0.000000	0.000000	1.000000	0.000000	1.000000	0.033427	0.000000	
WAVE	0.566973	0.012474	20.000000	0.000296	0.000297	0.000297	0.000000	0.000010	1.000000	1.000000	1.000000	0.058246	0.000000	
GEOTHERMAL	0.000000	0.000000	30.000000	0.000000	0.000000	0.000000	0.000000	0.000000	1.000000	0.000000	0.860000	0.041639	0.000000	
IND_COGEN_GAS	7350.332656	483.458740	25.000000	0.000000	5.220279	100000.000000	0.000000	0.423613	1.000000	0.850000	0.850000	0.048263	5347.236137	
IND_COGEN_WOOD	0.000000	0.000000	25.000000	0.000000	0.000000	100000.000000	0.000000	0.000000	1.000000	0.000000	0.850000	0.048263	0.000000	
IND_COGEN_WASTE	2800.126868	106.464412	25.000000	0.000000	0.956371	100000.000000	0.000000	0.077607	1.000000	0.850000	0.850000	0.048263	619.556047	
IND_BOILER_GAS	293.238406	5.875026	17.000000	0.000000	4.979318	100000.000000	0.000000	0.108780	0.300000	0.228835	0.950000	0.067080	61.345195	
IND_BOILER_WOOD	134.052663	2.681053	17.000000	0.000000	1.163860	100000.000000	0.100000	0.100000	1.000000	0.900000	0.900000	0.067080	33.600652	
IND_BOILER_OIL	0.000000	0.000000	17.000000	0.000000	0.000000	100000.000000	0.000000	0.000000	1.000000	0.000000	0.950000	0.067080	0.000000	
IND_BOILER_COAL	120.647397	2.412948	17.000000	0.000000	1.047474	100000.000000	0.000000	0.090000	0.090000	0.900000	0.900000	0.067080	50.467318	
IND_BOILER_WASTE	268.105326	5.362107	17.000000	0.000000	2.327721	100000.000000	0.000000	0.200000	0.200000	0.900000	0.900000	0.067080	67.201304	
IND_DIRECT_ELEC	0.000000	0.000000	15.000000	0.000000	0.000000	100000.000000	0.000000	0.000000	1.000000	0.000000	0.950000	0.074944	0.000000	
DHN_HP_ELEC	0.000000	0.000000	25.000000	0.000000	0.000000	100000.000000	0.000000	0.000000	1.000000	0.000000	0.950000	0.048263	0.000000	
DHN_COGEN_GAS	0.000000	0.000000	25.000000	0.000000	0.000000	100000.000000	0.000000	0.000000	1.000000	0.000000	0.850000	0.048263	0.000000	
DHN_COGEN_WOOD	0.000000	0.000000	25.000000	0.000000	0.000000	100000.000000	0.000000	0.000000	1.000000	0.000000	0.850000	0.048263	0.000000	
DHN_COGEN_WET_BIOMASS	0.000000	0.000000	25.000000	0.000000	0.000000	100000.000000	0.000000	0.000000	0.000000	0.000000	0.750000	0.048263	0.000000	
DHN_COGEN_WASTE	0.000000	0.000000	25.000000	0.000000	0.000000	100000.000000	0.000000	0.000000	1.000000	0.000000	0.850000	0.048263	0.000000	
DHN_BOILER_GAS	0.000000	0.000000	17.000000	0.000000	0.000000	100000.000000	0.000000	0.000000	1.000000	0.000000	0.950000	0.067080	0.000000	
DHN_BOILER_WOOD	0.000000	0.000000	17.000000	0.000000	0.000000	100000.000000	0.000000	0.000000	1.000000	0.000000	0.900000	0.067080	0.000000	
DHN_BOILER_OIL	0.000000	0.000000	17.000000	0.000000	0.000000	100000.000000	0.000000	0.000000	1.000000	0.000000	0.950000	0.067080	0.000000	
DHN_DEEP_GEO	2721.008281	103.470875	30.000000	0.000000	1.814006	100000.000000	0.000000	1.000000	1.000000	0.850000	0.850000	0.041639	1467.095105	
DHN_SOLAR	0.000000	0.000000	30.000000	0.000000	0.000000	100000.000000	0.000000	0.000000	1.000000	0.000000	1.000000	0.041639	0.000000	
DEC_HP_ELEC	13515.819434	578.238883	18.000000	0.000000	27.468919	10000.000000	0.000000	0.300000	0.300000	0.280060	1.000000	0.063806	4529.350081	
DEC_THHP_GAS	0.000000	0.000000	20.000000	0.000000	0.000000	100000.000000	0.000000	0.000000	0.000000	0.000000	1.000000	0.058246	0.000000	
DEC_COGEN_GAS	0.000000	0.000000	20.000000	0.000000	0.000000	100000.000000	0.000000	0.000000	1.000000	0.000000	1.000000	0.058246	0.000000	
DEC_COGEN_OIL	0.000000	0.000000	20.000000	0.000000	0.000000	100000.000000	0.000000	0.000000	1.000000	0.000000	1.000000	0.058246	0.000000	
DEC_ADVCOGEN_GAS	0.000000	0.000000	20.000000	0.000000	0.000000	100000.000000	0.000000	0.000000	1.000000	0.000000	1.000000	0.058246	0.000000	
DEC_ADVCOGEN_H2	0.000000	0.000000	20.000000	0.000000	0.000000	100000.000000	0.000000	0.000000	1.000000	0.000000	1.000000	0.058246	0.000000	
DEC_BOILER_GAS	4939.168157	148.204219	17.000000	0.000000	31.154977	100000.000000	0.000000	0.256286	0.420000	0.210945	1.000000	0.067080	657.058473	
DEC_BOILER_WOOD	8339.763224	291.817407	17.000000	0.000000	18.034248	100000.000000	0.186900	0.186900	1.000000	0.265755	1.000000	0.067080	380.342295	
DEC_BOILER_OIL	2457.777773	147.418174	17.000000	0.000000	17.261828	100000.000000	0.150000	0.150000	0.285700	0.222831	1.000000	0.067080	364.051944	
DEC_SOLAR	10920.692420	122.873789	20.000000	0.000000	15.187143	100000.000000	0.000000	0.106814	1.000000	0.180353	1.000000	0.058246	3359.699868	
DEC_DIRECT_ELEC	0.000000	0.000000	15.000000	0.000000	0.000000	100000.000000	0.000000	0.000000	1.000000	0.000000	1.000000	0.074944	0.000000	
BIG_SPLIT	11192.680686	450.264176	15.000000	0.000000	48.244313	100000.000000	0.000000	1.000000	1.000000	0.173604	1.000000	0.074944	0.000000	
CHILLER_WC	380.365297	15.214612	20.000000	0.000000	3.196347	100000.000000	0.000000	1.000000	1.000000	1.000000	1.000000	0.058246	0.000000	
TRAMWAY_TROLLEY	14200.006821	284.000136	30.000000	0.000000	22.720011	100000.000000	0.000000	0.300000	0.300000	0.342466	0.342466	0.041639	0.000000	
BUS_COACH_DIESEL	7075.729885	353.786494	15.000000	0.000000	11.578467	1000000.000000	0.000000	0.132500	1.000000	0.296804	0.296804	0.074944	0.000000	
BUS_COACH_HYDIESEL	0.000000	0.000000	15.000000	0.000000	0.000000	1000000.000000	0.000000	0.000000	1.000000	0.000000	0.296804	0.074944	0.000000	
BUS_COACH_CNG_STOICH	2670.086749	133.504337	15.000000	0.000000	4.369233	1000000.000000	0.010300	0.050000	0.050000	0.296804	0.296804	0.074944	0.000000	
BUS_COACH_FC_HYBRIDH2	227.564212	6.826926	15.000000	0.000000	0.218462	1000000.000000	0.002500	0.002500	0.005000	0.296804	0.296804	0.074944	0.000000	
TRAIN_PUB	35500.017040	1281.203623	40.000000	0.000000	23.572011	1000000.000000	0.250000	0.250000	0.500000	0.275073	0.275073	0.033427	0.000000	
BOAT_PASS_DIESEL	173.555639	8.677782	40.000000	0.000000	2.272001	1000000.000000	0.000000	0.010000	0.010000	0.114155	0.114155	0.033427	0.000000	
BOAT_PASS_NG	86.777819	4.338891	40.000000	0.000000	1.136001	1000000.000000	0.000000	0.005000	0.005000	0.114155	0.114155	0.033427	0.000000	
PLANES	16697.500518	699.652527	30.000000	0.000000	18.933660	1000000.000000	0.244000	0.250000	0.250000	0.342460	0.342460	0.041639	0.000000	
CAR_GASOLINE	155739.549350	5112.752863	10.000000	0.000000	370.555804	1000000.000000	0.489290	0.489290	0.489290	0.051370	0.051370	0.108434	126730.085070	
CAR_DIESEL	100958.441852	3417.121781	10.000000	0.000000	232.380271	1000000.000000	0.306840	0.306840	0.306840	0.051370	0.051370	0.108434	80403.573903	
MOTORCYCLE	102258.891298	13634.505172	10.000000	0.000000	572.649790	1000000.000000	0.120700	0.120700	0.120700	0.008200	0.008200	0.108434	186792.634965	
CAR_NG	10786.245978	447.615472	10.000000	0.000000	25.120759	1000000.000000	0.033170	0.033170	0.033170	0.051370	0.051370	0.108434	8591.299478	
CAR_HEV	0.000000	0.000000	10.000000	0.000000	0.000000	1000000.000000	0.000000	0.000000	1.000000	0.000000	0.051370	0.108434	0.000000	
CAR_PHEV	0.000000	0.000000	10.000000	0.000000	0.000000	1000000.000000	0.000000	0.000000	0.000000	0.000000	0.051370	0.108434	0.000000	
CAR_BEV	17033.374864	260.088712	10.000000	0.000000	37.866685	1000000.000000	0.000000	0.050000	1.000000	0.051370	0.051370	0.108434	14578.673655	
CAR_FUEL_CELL	434.774060	2.687830	10.000000	1.000000	1.000000	1000000.000000	0.000000	0.000000	0.000000	0.000000	0.051370	0.108434	786.000000	
TRAIN_FREIGHT	981.504335	19.630087	40.000000	0.000000	9.399979	1000000.000000	0.000000	1.000000	1.000000	0.342466	0.342466	0.033427	0.000000	
BOAT_FREIGHT_DIESEL	3540.365132	177.018257	40.000000	0.000000	46.346598	1000000.000000	0.000000	0.950000	1.000000	0.114155	0.114155	0.033427	0.000000	
BOAT_FREIGHT_NG	186.335007	9.316750	40.000000	0.000000	2.439295	1000000.000000	0.000000	0.050000	0.050000	0.114155	0.114155	0.033427	0.000000	
TRUCK_DIESEL	89579.686884	4478.984345	15.000000	0.000000	241.382390	1000000.000000	0.000000	0.955000	1.000000	0.092593	0.092593	0.074944	0.000000	
TRUCK_FUEL_CELL	508.321263	15.249638	15.000000	0.000000	1.263782	1000000.000000	0.000000	0.005000	0.005000	0.092593	0.092593	0.074944	0.000000	
TRUCK_NG	3752.028770	187.601439	15.000000	0.000000	10.110257	1000000.000000	0.000000	0.040000	0.040000	0.092593	0.092593	0.074944	0.000000	
NON_ENERGY_OIL	0.000000	0.000000	1.000000	0.000000	0.000000	100000.000000	0.000000	0.000000	1.000000	0.000000	1.000000	1.015000	0.000000	
NON_ENERGY_NG	0.000000	0.000000	1.000000	0.000000	0.000000	100000.000000	0.000000	0.000000	1.000000	0.000000	1.000000	1.015000	0.000000	
DAM_STORAGE	0.000000	0.000000	1.000000	9554.000000	9554.000000	9554.000000	0.000000	-1.000000	1.000000	0.000151	1.000000	1.015000	
PHS	162405.600000	0.000000	50.000000	2762.000000	2762.000000	2762.000000	0.000000	-1.000000	1.000000	0.000034	1.000000	0.028572	
BATT_LI	0.000000	0.000000	15.000000	0.000000	0.000000	100000.000000	0.000000	-1.000000	1.000000	0.000000	1.000000	0.074944	
CAES	0.000000	0.000000	50.000000	0.000000	0.000000	0.000000	0.000000	-1.000000	1.000000	0.000000	1.000000	0.028572	
BEV_BATT	0.000000	0.000000	1.000000	0.000000	15.840000	100000.000000	0.000000	-1.000000	1.000000	0.005988	1.000000	1.015000	
PHEV_BATT	0.000000	0.000000	1.000000	0.000000	0.000000	100000.000000	0.000000	-1.000000	1.000000	0.000000	1.000000	1.015000	
TS_DEC_HP_ELEC	796.180846	5.573266	25.000000	0.000000	41.966512	100000.000000	0.000000	-1.000000	1.000000	0.038128	1.000000	0.048263	
TS_DEC_DIRECT_ELEC	0.000000	0.000000	25.000000	0.000000	0.000000	100000.000000	0.000000	-1.000000	1.000000	0.000000	1.000000	0.048263	
TS_DHN_DAILY	0.000000	0.000000	40.000000	0.000000	0.000000	100000.000000	0.000000	-1.000000	1.000000	0.000000	1.000000	0.033427	
TS_DHN_SEASONAL	1910.423994	10.613467	25.000000	0.000000	3537.822210	100000.000000	0.000000	-1.000000	1.000000	0.000165	1.000000	0.048263	
TS_DEC_THHP_GAS	0.000000	0.000000	25.000000	0.000000	0.000000	100000.000000	0.000000	-1.000000	1.000000	0.000000	1.000000	0.048263	
TS_DEC_COGEN_GAS	0.000000	0.000000	25.000000	0.000000	0.000000	100000.000000	0.000000	-1.000000	1.000000	0.000000	1.000000	0.048263	
TS_DEC_COGEN_OIL	0.000000	0.000000	25.000000	0.000000	0.000000	100000.000000	0.000000	-1.000000	1.000000	0.000000	1.000000	0.048263	
TS_DEC_ADVCOGEN_GAS	0.000000	0.000000	25.000000	0.000000	0.000000	100000.000000	0.000000	-1.000000	1.000000	0.000000	1.000000	0.048263	
TS_DEC_ADVCOGEN_H2	0.000000	0.000000	25.000000	0.000000	0.000000	100000.000000	0.000000	-1.000000	1.000000	0.000000	1.000000	0.048263	
TS_DEC_BOILER_GAS	724.311102	5.070178	25.000000	0.000000	38.178274	100000.000000	0.000000	-1.000000	1.000000	0.040783	1.000000	0.048263	
TS_DEC_BOILER_WOOD	527.519289	3.692635	25.000000	0.000000	27.805422	100000.000000	0.000000	-1.000000	1.000000	0.033693	1.000000	0.048263	
TS_DEC_BOILER_OIL	417.179083	2.920254	25.000000	0.000000	21.989415	100000.000000	0.000000	-1.000000	1.000000	0.034878	1.000000	0.048263	
SEASONAL_NG	0.000000	0.000000	30.000000	0.000000	0.000000	100000.000000	0.000000	-1.000000	1.000000	0.000000	1.000000	0.041639	
SEASONAL_H2	0.077929	0.000378	20.000000	0.000000	0.012590	100000.000000	0.000000	-1.000000	1.000000	0.031337	1.000000	0.058246	
CO2_STORAGE	0.000000	0.000000	20.000000	0.000000	0.000000	100000.000000	0.000000	-1.000000	1.000000	0.000000	1.000000	0.058246	
SLF_STO	0.010092	0.000631	20.000000	0.000000	1.589345	100000.000000	0.000000	-1.000000	1.000000	0.127341	1.000000	0.058246	
PT_STORAGE	448.221702	4.481392	25.000000	0.000000	12.128261	100000.000000	0.000000	-1.000000	1.000000	0.019267	1.000000	0.048263	
ST_STORAGE	20.771964	0.207622	25.000000	0.000000	1.087594	100000.000000	0.000000	-1.000000	1.000000	0.025185	1.000000	0.048263	
TS_MOLTEN_SALT	0.000000	0.000000	25.000000	0.000000	0.000000	100000.000000	0.000000	-1.000000	1.000000	0.000000	1.000000	0.048263	
TS_COLD	8765.562099	105.186745	20.000000	0.000000	350.622484	100000.000000	0.000000	-1.000000	1.000000	0.005784	1.000000	0.058246	
EFFICIENCY	3270.935961	0.000000	1.000000	0.000000	0.985222	100000.000000	0.000000	-1.000000	1.000000	0.000000	1.000000	1.015000	
DHN	1498.155547	0.000000	60.000000	0.000000	1.814006	100000.000000	0.000000	-1.000000	1.000000	0.000000	1.000000	0.025393	
GRID	239320.623000	0.000000	80.000000	0.000000	1.052342	100000.000000	0.000000	-1.000000	1.000000	0.000000	1.000000	0.021548	
PT_COLLECTOR	69889.239831	971.995246	25.000000	0.000000	15.514689	100000.000000	0.000000	-1.000000	1.000000	0.193449	1.000000	0.048263	
ST_COLLECTOR	2494.197763	28.481764	25.000000	0.000000	0.452091	100000.000000	0.000000	-1.000000	1.000000	0.193449	1.000000	0.048263	
H2_ELECTROLYSIS	0.000000	0.000000	15.000000	0.000000	0.000000	100000.000000	0.000000	-1.000000	1.000000	0.000000	0.900000	0.074944	
H2_NG	52.408712	4.957036	25.000000	0.000000	0.076931	100000.000000	0.000000	-1.000000	1.000000	0.860000	0.860000	0.048263	
H2_BIOMASS	0.000000	0.000000	25.000000	0.000000	0.000000	100000.000000	0.000000	-1.000000	1.000000	0.000000	0.860000	0.048263	
GASIFICATION_SNG	0.000000	0.000000	25.000000	0.000000	0.000000	100000.000000	0.000000	-1.000000	1.000000	0.000000	0.850000	0.048263	
PYROLYSIS	2631.485138	131.566008	25.000000	0.000000	1.957633	100000.000000	0.000000	-1.000000	1.000000	0.850000	0.850000	0.048263	
ATM_CCS	0.000000	0.000000	40.000000	0.000000	0.000000	100000.000000	0.000000	-1.000000	1.000000	0.000000	1.000000	0.033427	
INDUSTRY_CCS	0.000000	0.000000	40.000000	0.000000	0.000000	100000.000000	0.000000	-1.000000	1.000000	0.000000	1.000000	0.033427	
SYN_METHANOLATION	0.000000	0.000000	20.000000	0.000000	0.000000	100000.000000	0.000000	-1.000000	1.000000	0.000000	0.950000	0.058246	
SYN_METHANATION	0.000000	0.000000	40.000000	0.000000	0.000000	100000.000000	0.000000	-1.000000	1.000000	0.000000	1.000000	0.033427	
BIOMETHANATION	2319.957024	19.554123	20.000000	0.000000	1.396723	100000.000000	0.000000	-1.000000	1.000000	0.850000	0.850000	0.058246	
SLF_TO_DIESEL	0.000000	0.000000	1.000000	0.000000	100000.000000	100000.000000	0.000000	-1.000000	1.000000	0.000000	1.000000	1.015000	
SLF_TO_GASOLINE	0.000000	0.000000	1.000000	0.000000	100000.000000	100000.000000	0.000000	-1.000000	1.000000	0.000017	1.000000	1.015000	
SLF_TO_LFO	0.000000	0.000000	1.000000	0.000000	100000.000000	100000.000000	0.000000	-1.000000	1.000000	0.000000	1.000000	1.015000	