TECHNOLOGIES	 c_inv	 c_maint	 lifetime	  f_min	 f	 f_max	 fmin_perc	f_perc	 fmax_perc	 c_p	 c_p_max	 tau	 gwp_constr
 UNITS	[MCHCapitalf/GW]	 [MCHCapitalf/GW]	 [y]	 [GW or GWh]	 [GW or GWh]	 [GW or GWh]	 [0-1]	 [0-1]	 [0-1]	 [0-1]	 [0-1]	 [-]	 [ktCO2-eq./GW or GWh] 
NUCLEAR	38530.899168	818.456592	60.000000	0.000000	7.951508	100000.000000	0.235105	0.235105	0.235105	0.849000	0.849000	0.025393	5628.713714	
CCGT	22750.492338	581.449611	25.000000	0.000000	29.469864	100000.000000	0.153948	0.153948	0.153948	0.150000	0.150000	0.048263	5416.266346	
COAL_US	26504.519196	312.816817	35.000000	0.000000	10.531434	100000.000000	0.226663	0.226663	0.226663	0.618000	0.618000	0.036934	3492.223434	
COAL_IGCC	0.000000	0.000000	35.000000	0.000000	0.000000	100000.000000	0.000000	0.000000	0.000000	0.000000	0.856000	0.036934	0.000000	
PV	4531.117914	56.326483	25.000000	0.000000	5.208182	100000.000000	0.035363	0.035363	0.035363	0.194966	1.000000	0.048263	10840.465242	
PT_POWER_BLOCK	1165.848513	69.923901	25.000000	0.000000	1.116104	100000.000000	0.021060	0.021060	0.021060	0.541813	1.000000	0.048263	0.000000	
ST_POWER_BLOCK	24.266021	1.990080	25.000000	0.000000	0.031589	100000.000000	0.000764	0.000764	0.000764	0.694478	1.000000	0.048263	0.000000	
STIRLING_DISH	10.123095	0.159090	30.000000	0.000000	0.001484	100000.000000	0.000010	0.000010	0.000010	0.193449	1.000000	0.041639	0.000000	
WIND_ONSHORE	24590.250017	68.332522	30.000000	0.000000	23.644471	100000.000000	0.206616	0.206616	0.206616	0.250917	1.000000	0.041639	14726.958868	
WIND_OFFSHORE	0.000000	0.000000	30.000000	0.000000	0.000000	100000.000000	0.000000	0.000000	0.000000	0.000000	1.000000	0.041639	0.000000	
HYDRO_DAM	73772.348757	368.831950	40.000000	0.000000	17.561921	100000.000000	0.085115	0.085115	0.085115	0.139165	1.000000	0.033427	29730.224623	
HYDRO_RIVER	6359.465507	63.589107	40.000000	0.000000	1.260568	100000.000000	0.035355	0.035355	0.035355	0.805341	1.000000	0.033427	1591.870700	
NEW_TIDAL_STREAM	0.000000	0.000000	20.000000	0.000000	0.000000	0.000000	0.000000	0.000000	0.000000	0.000000	1.000000	0.058246	0.000000	
TIDAL_STREAM	0.000000	0.000000	20.000000	0.000000	0.000000	0.000000	0.000000	0.000000	1.000000	0.000000	1.000000	0.058246	0.000000	
TIDAL_RANGE	0.000000	0.000000	40.000000	0.000000	0.000000	0.000000	0.000000	0.000000	1.000000	0.000000	1.000000	0.033427	0.000000	
WAVE	0.056439	0.001242	20.000000	0.000000	0.000030	100000.000000	0.000001	0.000001	0.000001	0.287141	1.000000	0.058246	0.000000	
GEOTHERMAL	0.000000	0.000000	30.000000	0.000000	0.000000	100000.000000	0.000000	0.000000	0.000000	0.000000	0.860000	0.041639	0.000000	
IND_COGEN_GAS	4780.155785	314.408640	25.000000	0.000000	3.394914	100000.000000	0.275489	0.275489	0.275489	0.850000	0.850000	0.048263	3477.478225	
IND_COGEN_WOOD	0.000000	0.000000	25.000000	0.000000	0.000000	100000.000000	0.000000	0.000000	0.000000	0.000000	0.850000	0.048263	0.000000	
IND_COGEN_WASTE	802.328391	30.505554	25.000000	0.000000	0.274032	100000.000000	0.022237	0.022237	0.022237	0.850000	0.850000	0.048263	177.523173	
IND_BOILER_GAS	200.823367	4.023492	17.000000	0.000000	3.410070	100000.000000	0.000000	0.309274	1.000000	0.950000	0.950000	0.067080	42.012057	
IND_BOILER_WOOD	134.052663	2.681053	17.000000	0.000000	1.163860	100000.000000	0.100000	0.100000	0.100000	0.900000	0.900000	0.067080	33.600652	
IND_BOILER_OIL	42.943452	0.923673	17.000000	0.000000	0.782849	100000.000000	0.071000	0.071000	0.071000	0.950000	0.950000	0.067080	9.644704	
IND_BOILER_COAL	117.296080	2.345922	17.000000	0.000000	1.018378	100000.000000	0.087500	0.087500	0.087500	0.900000	0.900000	0.067080	49.065448	
IND_BOILER_WASTE	96.517917	1.930358	17.000000	0.000000	0.837980	100000.000000	0.072000	0.072000	0.072000	0.900000	0.900000	0.067080	24.192469	
IND_DIRECT_ELEC	229.027426	1.038951	15.000000	0.000000	0.689128	100000.000000	0.062500	0.062500	0.062500	0.950000	0.950000	0.074944	1.013018	
DHN_HP_ELEC	0.000000	0.000000	25.000000	0.000000	0.000000	100000.000000	0.000000	0.000000	0.000000	0.000000	0.950000	0.048263	0.000000	
DHN_COGEN_GAS	0.000000	0.000000	25.000000	0.000000	0.000000	100000.000000	0.000000	0.000000	0.000000	0.000000	0.850000	0.048263	0.000000	
DHN_COGEN_WOOD	554.190869	20.762111	25.000000	0.000000	0.512763	100000.000000	0.945518	0.945518	0.945518	0.850000	0.850000	0.048263	84.775054	
DHN_COGEN_WET_BIOMASS	0.000000	0.000000	25.000000	0.000000	0.000000	100000.000000	0.000000	0.000000	0.000000	0.000000	0.750000	0.048263	0.000000	
DHN_COGEN_WASTE	0.000000	0.000000	25.000000	0.000000	0.000000	100000.000000	0.000000	0.000000	0.000000	0.000000	0.850000	0.048263	0.000000	
DHN_BOILER_GAS	0.000000	0.000000	17.000000	0.000000	0.000000	100000.000000	0.000000	0.000000	0.000000	0.000000	0.950000	0.067080	0.000000	
DHN_BOILER_WOOD	0.000000	0.000000	17.000000	0.000000	0.000000	100000.000000	0.000000	0.000000	0.000000	0.000000	0.900000	0.067080	0.000000	
DHN_BOILER_OIL	0.000000	0.000000	17.000000	0.000000	0.000000	100000.000000	0.000000	0.000000	0.000000	0.000000	0.950000	0.067080	0.000000	
DHN_DEEP_GEO	142.699457	5.426385	30.000000	0.000000	0.095133	100000.000000	0.000000	0.054482	1.000000	0.263990	0.850000	0.041639	76.939742	
DHN_SOLAR	0.000000	0.000000	30.000000	0.000000	0.000000	100000.000000	0.000000	0.000000	0.000000	0.000000	1.000000	0.041639	0.000000	
DEC_HP_ELEC	0.000000	0.000000	18.000000	0.000000	0.000000	100000.000000	0.000000	0.000000	0.000000	0.000000	1.000000	0.063806	0.000000	
DEC_THHP_GAS	0.000000	0.000000	20.000000	0.000000	0.000000	100000.000000	0.000000	0.000000	0.000000	0.000000	1.000000	0.058246	0.000000	
DEC_COGEN_GAS	0.000000	0.000000	20.000000	0.000000	0.000000	100000.000000	0.000000	0.000000	0.000000	0.000000	1.000000	0.058246	0.000000	
DEC_COGEN_OIL	0.000000	0.000000	20.000000	0.000000	0.000000	100000.000000	0.000000	0.000000	0.000000	0.000000	1.000000	0.058246	0.000000	
DEC_ADVCOGEN_GAS	0.000000	0.000000	20.000000	0.000000	0.000000	100000.000000	0.000000	0.000000	0.000000	0.000000	1.000000	0.058246	0.000000	
DEC_ADVCOGEN_H2	0.000000	0.000000	20.000000	0.000000	0.000000	100000.000000	0.000000	0.000000	0.000000	0.000000	1.000000	0.058246	0.000000	
DEC_BOILER_GAS	7942.673232	238.327112	17.000000	0.000000	50.100300	100000.000000	0.000000	0.413621	1.000000	0.219726	1.000000	0.067080	1056.615321	
DEC_BOILER_WOOD	10022.085397	350.683694	17.000000	0.000000	21.672171	100000.000000	0.186927	0.186927	0.186927	0.229557	1.000000	0.067080	457.066089	
DEC_BOILER_OIL	4742.659095	284.465971	17.000000	0.000000	33.309343	100000.000000	0.275271	0.275271	0.275271	0.219945	1.000000	0.067080	702.494050	
DEC_SOLAR	3492.859708	39.299789	20.000000	0.000000	4.857436	100000.000000	0.035004	0.035004	0.035004	0.191792	1.000000	0.058246	1074.561928	
DEC_DIRECT_ELEC	434.032010	1.931742	15.000000	0.000000	10.857409	100000.000000	0.089177	0.089177	0.089177	0.218598	1.000000	0.074944	15.960391	
BIG_SPLIT	11192.680686	450.264176	15.000000	0.000000	48.244313	100000.000000	0.000000	1.000000	1.000000	0.173604	1.000000	0.074944	0.000000	
CHILLER_WC	380.365297	15.214612	20.000000	0.000000	3.196347	100000.000000	0.000000	1.000000	1.000000	1.000000	1.000000	0.058246	0.000000	
TRAMWAY_TROLLEY	1992.982791	39.859656	30.000000	0.000000	3.188772	100000.000000	0.067100	0.067100	0.067100	0.342466	0.342466	0.041639	0.000000	
BUS_COACH_DIESEL	14278.435745	713.921787	15.000000	0.000000	23.364713	1000000.000000	0.000000	0.426100	1.000000	0.296804	0.296804	0.074944	0.000000	
BUS_COACH_HYDIESEL	0.000000	0.000000	15.000000	0.000000	0.000000	1000000.000000	0.000000	0.000000	0.000000	0.000000	0.296804	0.074944	0.000000	
BUS_COACH_CNG_STOICH	345.148764	17.257438	15.000000	0.000000	0.564789	1000000.000000	0.010300	0.010300	0.010300	0.296804	0.296804	0.074944	0.000000	
BUS_COACH_FC_HYBRIDH2	0.000000	0.000000	15.000000	0.000000	0.000000	1000000.000000	0.000000	0.000000	0.000000	0.000000	0.296804	0.074944	0.000000	
TRAIN_PUB	21928.751026	791.413571	40.000000	0.000000	14.560691	1000000.000000	0.246100	0.246100	0.246100	0.275073	0.275073	0.033427	0.000000	
BOAT_PASS_DIESEL	100.193670	5.009684	40.000000	0.000000	1.311626	1000000.000000	0.009200	0.009200	0.009200	0.114155	0.114155	0.033427	0.000000	
BOAT_PASS_NG	0.000000	0.000000	40.000000	0.000000	0.000000	1000000.000000	0.000000	0.000000	0.000000	0.000000	0.114155	0.033427	0.000000	
PLANES	10108.867183	423.578035	30.000000	0.000000	11.462665	1000000.000000	0.241200	0.241200	0.241200	0.342460	0.342460	0.041639	0.000000	
CAR_GASOLINE	151180.220384	4963.075261	10.000000	0.000000	359.707655	1000000.000000	0.380480	0.380480	0.380480	0.051370	0.051370	0.108434	123020.018165	
CAR_DIESEL	204554.018842	6923.502190	10.000000	0.000000	470.830547	1000000.000000	0.000000	0.498020	1.000000	0.051370	0.051370	0.108434	162907.369304	
MOTORCYCLE	128076.225495	17076.812948	10.000000	0.000000	717.226861	1000000.000000	0.121100	0.121100	0.121100	0.008200	0.008200	0.108434	233952.229807	
CAR_NG	81.186798	3.369149	10.000000	0.000000	0.189081	1000000.000000	0.000200	0.000200	0.000200	0.051370	0.051370	0.108434	64.665695	
CAR_HEV	0.000000	0.000000	10.000000	0.000000	0.000000	1000000.000000	0.000000	0.000000	0.000000	0.000000	0.051370	0.108434	0.000000	
CAR_PHEV	0.000000	0.000000	10.000000	0.000000	0.000000	1000000.000000	0.000000	0.000000	1.000000	0.000000	0.051370	0.108434	0.000000	
CAR_BEV	85.053318	1.298710	10.000000	0.000000	0.189081	1000000.000000	0.000200	0.000200	0.000200	0.051370	0.051370	0.108434	72.796177	
CAR_FUEL_CELL	0.000000	0.000000	10.000000	0.000000	0.000000	1000000.000000	0.000000	0.000000	0.000000	0.000000	0.051370	0.108434	0.000000	
TRAIN_FREIGHT	480.937124	9.618742	40.000000	0.000000	4.605990	1000000.000000	0.000000	1.000000	1.000000	0.342466	0.342466	0.033427	0.000000	
BOAT_FREIGHT_DIESEL	3726.700139	186.335007	40.000000	0.000000	48.785893	1000000.000000	0.000000	1.000000	1.000000	0.114155	0.114155	0.033427	0.000000	
BOAT_FREIGHT_NG	0.000000	0.000000	40.000000	0.000000	0.000000	1000000.000000	0.000000	0.000000	0.000000	0.000000	0.114155	0.033427	0.000000	
TRUCK_DIESEL	99879.057467	4993.952875	15.000000	0.000000	269.135185	1000000.000000	0.000000	0.995000	1.000000	0.092593	0.092593	0.074944	0.000000	
TRUCK_FUEL_CELL	0.000000	0.000000	15.000000	0.000000	0.000000	1000000.000000	0.000000	0.000000	0.000000	0.000000	0.092593	0.074944	0.000000	
TRUCK_NG	501.904811	25.095241	15.000000	0.000000	1.352438	1000000.000000	0.000000	0.005000	0.005000	0.092593	0.092593	0.074944	0.000000	
NON_ENERGY_OIL	0.000000	0.000000	1.000000	0.000000	0.000000	100000.000000	0.000000	0.000000	1.000000	0.000000	1.000000	1.015000	0.000000	
NON_ENERGY_NG	0.000000	0.000000	1.000000	0.000000	0.000000	100000.000000	0.000000	0.000000	1.000000	0.000000	1.000000	1.015000	0.000000	
DAM_STORAGE	0.000000	0.000000	1.000000	9554.000000	9554.000000	9554.000000	0.000000	-1.000000	1.000000	0.000151	1.000000	1.015000	
PHS	162405.600000	0.000000	50.000000	2762.000000	2762.000000	2762.000000	0.000000	-1.000000	1.000000	0.000012	1.000000	0.028572	
BATT_LI	0.000000	0.000000	15.000000	0.000000	0.000000	100000.000000	0.000000	-1.000000	1.000000	0.000000	1.000000	0.074944	
CAES	0.000000	0.000000	50.000000	0.000000	0.000000	0.000000	0.000000	-1.000000	1.000000	0.000000	1.000000	0.028572	
BEV_BATT	0.000000	0.000000	1.000000	0.000000	0.079094	100000.000000	0.000000	-1.000000	1.000000	0.005988	1.000000	1.015000	
PHEV_BATT	0.000000	0.000000	1.000000	0.000000	0.000000	100000.000000	0.000000	-1.000000	1.000000	0.000000	1.000000	1.015000	
TS_DEC_HP_ELEC	0.000000	0.000000	25.000000	0.000000	0.000000	0.000000	0.000000	-1.000000	1.000000	0.000000	1.000000	0.048263	
TS_DEC_DIRECT_ELEC	0.000000	0.000000	25.000000	0.000000	0.000000	0.000000	0.000000	-1.000000	1.000000	0.000000	1.000000	0.048263	
TS_DHN_DAILY	0.000000	0.000000	40.000000	0.000000	0.000000	0.000000	0.000000	-1.000000	1.000000	0.000000	1.000000	0.033427	
TS_DHN_SEASONAL	0.000000	0.000000	25.000000	0.000000	0.000000	0.000000	0.000000	-1.000000	1.000000	0.000000	1.000000	0.048263	
TS_DEC_THHP_GAS	0.000000	0.000000	25.000000	0.000000	0.000000	0.000000	0.000000	-1.000000	1.000000	0.000000	1.000000	0.048263	
TS_DEC_COGEN_GAS	0.000000	0.000000	25.000000	0.000000	0.000000	0.000000	0.000000	-1.000000	1.000000	0.000000	1.000000	0.048263	
TS_DEC_COGEN_OIL	0.000000	0.000000	25.000000	0.000000	0.000000	0.000000	0.000000	-1.000000	1.000000	0.000000	1.000000	0.048263	
TS_DEC_ADVCOGEN_GAS	0.000000	0.000000	25.000000	0.000000	0.000000	0.000000	0.000000	-1.000000	1.000000	0.000000	1.000000	0.048263	
TS_DEC_ADVCOGEN_H2	0.000000	0.000000	25.000000	0.000000	0.000000	0.000000	0.000000	-1.000000	1.000000	0.000000	1.000000	0.048263	
TS_DEC_BOILER_GAS	0.000000	0.000000	25.000000	0.000000	0.000000	0.000000	0.000000	-1.000000	1.000000	0.000000	1.000000	0.048263	
TS_DEC_BOILER_WOOD	0.000000	0.000000	25.000000	0.000000	0.000000	0.000000	0.000000	-1.000000	1.000000	0.000000	1.000000	0.048263	
TS_DEC_BOILER_OIL	0.000000	0.000000	25.000000	0.000000	0.000000	0.000000	0.000000	-1.000000	1.000000	0.000000	1.000000	0.048263	
SEASONAL_NG	0.000000	0.000000	30.000000	0.000000	0.000000	100000.000000	0.000000	-1.000000	1.000000	0.000000	1.000000	0.041639	
SEASONAL_H2	0.000000	0.000000	20.000000	0.000000	0.000000	100000.000000	0.000000	-1.000000	1.000000	0.000000	1.000000	0.058246	
CO2_STORAGE	0.000000	0.000000	20.000000	0.000000	0.000000	100000.000000	0.000000	-1.000000	1.000000	0.000000	1.000000	0.058246	
SLF_STO	0.000000	0.000000	20.000000	0.000000	0.000000	0.000000	0.000000	-1.000000	1.000000	0.000000	1.000000	0.058246	
PT_STORAGE	1723.632517	17.233154	25.000000	0.000000	46.639117	100000.000000	0.000000	-1.000000	1.000000	0.027003	1.000000	0.048263	
ST_STORAGE	31.959034	0.319440	25.000000	0.000000	1.673335	100000.000000	0.000000	-1.000000	1.000000	0.028558	1.000000	0.048263	
TS_MOLTEN_SALT	0.000000	0.000000	25.000000	0.000000	0.000000	100000.000000	0.000000	-1.000000	1.000000	0.000000	1.000000	0.048263	
TS_COLD	8765.562099	105.186745	20.000000	0.000000	350.622484	100000.000000	0.000000	-1.000000	1.000000	0.005784	1.000000	0.058246	
EFFICIENCY	3270.935961	0.000000	1.000000	0.000000	0.985222	100000.000000	0.000000	-1.000000	1.000000	0.000000	1.000000	1.015000	
DHN	502.050424	0.000000	60.000000	0.000000	0.607896	100000.000000	0.000000	-1.000000	1.000000	0.000000	1.000000	0.025393	
GRID	233447.441410	0.000000	80.000000	0.000000	1.026516	100000.000000	0.000000	-1.000000	1.000000	0.000000	1.000000	0.021548	
PT_COLLECTOR	68531.765642	953.115967	25.000000	0.000000	15.213343	100000.000000	0.000000	-1.000000	1.000000	0.193449	1.000000	0.048263	
ST_COLLECTOR	2446.586727	27.938083	25.000000	0.000000	0.443462	100000.000000	0.000000	-1.000000	1.000000	0.193449	1.000000	0.048263	
H2_ELECTROLYSIS	0.000000	0.000000	15.000000	0.000000	0.000000	100000.000000	0.000000	-1.000000	1.000000	0.000000	0.900000	0.074944	
H2_NG	0.000000	0.000000	25.000000	0.000000	0.000000	100000.000000	0.000000	-1.000000	1.000000	0.000000	0.860000	0.048263	
H2_BIOMASS	0.000000	0.000000	25.000000	0.000000	0.000000	100000.000000	0.000000	-1.000000	1.000000	0.000000	0.860000	0.048263	
GASIFICATION_SNG	0.000000	0.000000	25.000000	0.000000	0.000000	100000.000000	0.000000	-1.000000	1.000000	0.000000	0.850000	0.048263	
PYROLYSIS	0.000000	0.000000	25.000000	0.000000	0.000000	0.000000	0.000000	-1.000000	1.000000	0.000000	0.850000	0.048263	
ATM_CCS	0.000000	0.000000	40.000000	0.000000	0.000000	100000.000000	0.000000	-1.000000	1.000000	0.000000	1.000000	0.033427	
INDUSTRY_CCS	0.000000	0.000000	40.000000	0.000000	0.000000	100000.000000	0.000000	-1.000000	1.000000	0.000000	1.000000	0.033427	
SYN_METHANOLATION	0.000000	0.000000	20.000000	0.000000	0.000000	100000.000000	0.000000	-1.000000	1.000000	0.000000	0.950000	0.058246	
SYN_METHANATION	0.000000	0.000000	40.000000	0.000000	0.000000	100000.000000	0.000000	-1.000000	1.000000	0.000000	1.000000	0.033427	
BIOMETHANATION	714.952756	6.026092	20.000000	0.000000	0.430435	100000.000000	0.000000	-1.000000	1.000000	0.850000	0.850000	0.058246	
SLF_TO_DIESEL	0.000000	0.000000	1.000000	0.000000	0.000000	0.000000	0.000000	-1.000000	1.000000	0.000000	1.000000	1.015000	
SLF_TO_GASOLINE	0.000000	0.000000	1.000000	0.000000	0.000000	0.000000	0.000000	-1.000000	1.000000	0.000000	1.000000	1.015000	
SLF_TO_LFO	0.000000	0.000000	1.000000	0.000000	0.000000	0.000000	0.000000	-1.000000	1.000000	0.000000	1.000000	1.015000	