TECHNOLOGIES	 c_inv	 c_maint	 lifetime	  f_min	 f	 f_max	 fmin_perc	f_perc	 fmax_perc	 c_p	 c_p_max	 tau	 gwp_constr
 UNITS	[MCHCapitalf/GW]	 [MCHCapitalf/GW]	 [y]	 [GW or GWh]	 [GW or GWh]	 [GW or GWh]	 [0-1]	 [0-1]	 [0-1]	 [0-1]	 [0-1]	 [-]	 [ktCO2-eq./GW or GWh] 
NUCLEAR	15414.281823	327.423466	60.000000	3.181000	3.181000	3.181000	0.000000	0.083977	1.000000	0.849000	0.849000	0.025393	2251.766280	
CCGT	21064.644349	538.363262	25.000000	27.286100	27.286100	27.286100	0.000000	0.104536	1.000000	0.123206	0.150000	0.048263	5014.912319	
COAL_US	0.000000	0.000000	35.000000	0.000000	0.000000	0.000000	0.000000	0.000000	1.000000	0.000000	0.618000	0.036934	0.000000	
COAL_IGCC	0.000000	0.000000	35.000000	0.000000	0.000000	0.000000	0.000000	0.000000	1.000000	0.000000	0.856000	0.036934	0.000000	
PV	34087.470000	423.742515	25.000000	4.664000	39.181000	39.181000	0.000000	0.237533	1.000000	0.194966	1.000000	0.048263	81552.508830	
PT_POWER_BLOCK	7329.120948	439.577460	25.000000	7.016400	7.016400	7.016400	0.000000	0.078748	1.000000	0.360940	1.000000	0.048263	0.000000	
ST_POWER_BLOCK	226.224273	18.552870	25.000000	0.294490	0.294490	0.294490	0.000000	0.002858	1.000000	0.312092	1.000000	0.048263	0.000000	
STIRLING_DISH	48.422000	0.760978	30.000000	0.007100	0.007100	0.007100	0.000000	0.000036	1.000000	0.163628	1.000000	0.041639	0.000000	
WIND_ONSHORE	52346.320000	145.462370	30.000000	23.020000	50.333000	50.333000	0.000000	0.392711	1.000000	0.250917	1.000000	0.041639	31349.909050	
WIND_OFFSHORE	0.000000	0.000000	30.000000	0.000000	0.000000	0.000000	0.000000	0.000000	1.000000	0.000000	1.000000	0.041639	0.000000	
HYDRO_DAM	68305.470968	341.499769	40.000000	16.260500	16.260500	19.000000	0.000000	0.070364	1.000000	0.139165	1.000000	0.033427	27527.075240	
HYDRO_RIVER	5888.228753	58.877151	40.000000	1.167150	1.167160	1.167160	0.000000	0.029228	1.000000	0.805341	1.000000	0.033427	1473.912991	
NEW_TIDAL_STREAM	0.000000	0.000000	20.000000	0.000000	0.000000	0.000000	0.000000	0.000000	0.000000	0.000000	1.000000	0.058246	0.000000	
TIDAL_STREAM	0.000000	0.000000	20.000000	0.000000	0.000000	0.070000	0.000000	0.000000	1.000000	0.000000	1.000000	0.058246	0.000000	
TIDAL_RANGE	0.000000	0.000000	40.000000	0.000000	0.000000	0.070000	0.000000	0.000000	1.000000	0.000000	1.000000	0.033427	0.000000	
WAVE	0.566973	0.012474	20.000000	0.000296	0.000297	0.000297	0.000000	0.000009	1.000000	1.000000	1.000000	0.058246	0.000000	
GEOTHERMAL	0.000000	0.000000	30.000000	0.000000	0.000000	0.000000	0.000000	0.000000	1.000000	0.000000	0.860000	0.041639	0.000000	
IND_COGEN_GAS	5767.524644	379.351565	25.000000	0.000000	4.096153	100000.000000	0.000000	0.332393	1.000000	0.850000	0.850000	0.048263	4195.771490	
IND_COGEN_WOOD	0.000000	0.000000	25.000000	0.000000	0.000000	100000.000000	0.000000	0.000000	1.000000	0.000000	0.850000	0.048263	0.000000	
IND_COGEN_WASTE	2800.126868	106.464412	25.000000	0.000000	0.956371	100000.000000	0.000000	0.077607	1.000000	0.850000	0.850000	0.048263	619.556047	
IND_BOILER_GAS	228.031555	4.568608	17.000000	0.000000	3.872077	100000.000000	0.000000	0.200000	0.200000	0.541040	0.950000	0.067080	47.703984	
IND_BOILER_WOOD	134.052663	2.681053	17.000000	0.000000	1.163860	100000.000000	0.100000	0.100000	1.000000	0.900000	0.900000	0.067080	33.600652	
IND_BOILER_OIL	0.000000	0.000000	17.000000	0.000000	0.000000	100000.000000	0.000000	0.000000	1.000000	0.000000	0.950000	0.067080	0.000000	
IND_BOILER_COAL	120.647397	2.412948	17.000000	0.000000	1.047474	100000.000000	0.000000	0.090000	0.090000	0.900000	0.900000	0.067080	50.467318	
IND_BOILER_WASTE	268.105326	5.362107	17.000000	0.000000	2.327721	100000.000000	0.000000	0.200000	0.200000	0.900000	0.900000	0.067080	67.201304	
IND_DIRECT_ELEC	0.000000	0.000000	15.000000	0.000000	0.000000	100000.000000	0.000000	0.000000	1.000000	0.000000	0.950000	0.074944	0.000000	
DHN_HP_ELEC	556.267074	19.354595	25.000000	0.000000	1.613487	100000.000000	0.000000	0.422505	1.000000	0.386941	0.950000	0.048263	282.021440	
DHN_COGEN_GAS	0.000000	0.000000	25.000000	0.000000	0.000000	100000.000000	0.000000	0.000000	1.000000	0.000000	0.850000	0.048263	0.000000	
DHN_COGEN_WOOD	0.000000	0.000000	25.000000	0.000000	0.000000	100000.000000	0.000000	0.000000	1.000000	0.000000	0.850000	0.048263	0.000000	
DHN_COGEN_WET_BIOMASS	0.000000	0.000000	25.000000	0.000000	0.000000	100000.000000	0.000000	0.000000	0.000000	0.000000	0.750000	0.048263	0.000000	
DHN_COGEN_WASTE	0.000000	0.000000	25.000000	0.000000	0.000000	100000.000000	0.000000	0.000000	1.000000	0.000000	0.850000	0.048263	0.000000	
DHN_BOILER_GAS	0.000000	0.000000	17.000000	0.000000	0.000000	100000.000000	0.000000	0.000000	1.000000	0.000000	0.950000	0.067080	0.000000	
DHN_BOILER_WOOD	0.000000	0.000000	17.000000	0.000000	0.000000	100000.000000	0.000000	0.000000	1.000000	0.000000	0.900000	0.067080	0.000000	
DHN_BOILER_OIL	0.000000	0.000000	17.000000	0.000000	0.000000	100000.000000	0.000000	0.000000	1.000000	0.000000	0.950000	0.067080	0.000000	
DHN_DEEP_GEO	1505.909361	57.264713	30.000000	0.000000	1.003940	100000.000000	0.000000	0.577495	1.000000	0.850000	0.850000	0.041639	811.946170	
DHN_SOLAR	0.000000	0.000000	30.000000	0.000000	0.000000	100000.000000	0.000000	0.000000	1.000000	0.000000	1.000000	0.041639	0.000000	
DEC_HP_ELEC	17938.649825	767.458080	18.000000	0.000000	36.457673	10000.000000	0.000000	0.400000	0.400000	0.282255	1.000000	0.063806	6011.505660	
DEC_THHP_GAS	0.000000	0.000000	20.000000	0.000000	0.000000	100000.000000	0.000000	0.000000	0.000000	0.000000	1.000000	0.058246	0.000000	
DEC_COGEN_GAS	0.000000	0.000000	20.000000	0.000000	0.000000	100000.000000	0.000000	0.000000	1.000000	0.000000	1.000000	0.058246	0.000000	
DEC_COGEN_OIL	0.000000	0.000000	20.000000	0.000000	0.000000	100000.000000	0.000000	0.000000	1.000000	0.000000	1.000000	0.058246	0.000000	
DEC_ADVCOGEN_GAS	0.000000	0.000000	20.000000	0.000000	0.000000	100000.000000	0.000000	0.000000	1.000000	0.000000	1.000000	0.058246	0.000000	
DEC_ADVCOGEN_H2	0.000000	0.000000	20.000000	0.000000	0.000000	100000.000000	0.000000	0.000000	1.000000	0.000000	1.000000	0.058246	0.000000	
DEC_BOILER_GAS	3405.745905	102.192494	17.000000	0.000000	21.482552	100000.000000	0.000000	0.176173	0.420000	0.210972	1.000000	0.067080	453.067021	
DEC_BOILER_WOOD	8401.550432	293.979409	17.000000	0.000000	18.167859	100000.000000	0.186900	0.186900	1.000000	0.264653	1.000000	0.067080	383.160156	
DEC_BOILER_OIL	2465.715776	147.894297	17.000000	0.000000	17.317579	100000.000000	0.150000	0.150000	0.285700	0.222831	1.000000	0.067080	365.227740	
DEC_SOLAR	8838.626388	99.447496	20.000000	0.000000	12.291664	100000.000000	0.000000	0.086927	1.000000	0.181934	1.000000	0.058246	2719.162006	
DEC_DIRECT_ELEC	0.000000	0.000000	15.000000	0.000000	0.000000	100000.000000	0.000000	0.000000	1.000000	0.000000	1.000000	0.074944	0.000000	
BIG_SPLIT	11192.680686	450.264176	15.000000	0.000000	48.244313	100000.000000	0.000000	1.000000	1.000000	0.173730	1.000000	0.074944	0.000000	
CHILLER_WC	380.365297	15.214612	20.000000	0.000000	3.196347	100000.000000	0.000000	1.000000	1.000000	1.000000	1.000000	0.058246	0.000000	
TRAMWAY_TROLLEY	17750.008526	355.000171	30.000000	0.000000	28.400014	100000.000000	0.000000	0.300000	0.300000	0.342466	0.342466	0.041639	0.000000	
BUS_COACH_DIESEL	0.000000	0.000000	15.000000	0.000000	0.000000	1000000.000000	0.000000	0.000000	1.000000	0.000000	0.296804	0.074944	0.000000	
BUS_COACH_HYDIESEL	0.000000	0.000000	15.000000	0.000000	0.000000	1000000.000000	0.000000	0.000000	1.000000	0.000000	0.296804	0.074944	0.000000	
BUS_COACH_CNG_STOICH	3337.608436	166.880422	15.000000	0.000000	5.461541	1000000.000000	0.010300	0.050000	0.050000	0.296804	0.296804	0.074944	0.000000	
BUS_COACH_FC_HYBRIDH2	284.455265	8.533658	15.000000	0.000000	0.273077	1000000.000000	0.002500	0.002500	0.005000	0.296804	0.296804	0.074944	0.000000	
TRAIN_PUB	67893.782589	2450.301928	40.000000	0.000000	45.081472	1000000.000000	0.250000	0.382500	0.600000	0.275073	0.275073	0.033427	0.000000	
BOAT_PASS_DIESEL	216.944549	10.847227	40.000000	0.000000	2.840001	1000000.000000	0.000000	0.010000	0.010000	0.114155	0.114155	0.033427	0.000000	
BOAT_PASS_NG	108.472274	5.423614	40.000000	0.000000	1.420001	1000000.000000	0.000000	0.005000	0.005000	0.114155	0.114155	0.033427	0.000000	
PLANES	20871.875647	874.565658	30.000000	0.000000	23.667076	1000000.000000	0.244000	0.250000	0.250000	0.342460	0.342460	0.041639	0.000000	
CAR_GASOLINE	121958.156028	4003.748014	10.000000	0.000000	290.178717	1000000.000000	0.459790	0.459790	0.459790	0.051370	0.051370	0.108434	99241.121173	
CAR_DIESEL	79059.545484	2675.913871	10.000000	0.000000	181.974665	1000000.000000	0.288340	0.288340	0.288340	0.051370	0.051370	0.108434	62963.234094	
MOTORCYCLE	85215.742748	11362.087644	10.000000	0.000000	477.208158	1000000.000000	0.120700	0.120700	0.120700	0.008200	0.008200	0.108434	155660.529138	
CAR_NG	8446.570373	350.521914	10.000000	0.000000	19.671743	1000000.000000	0.031170	0.031170	0.031170	0.051370	0.051370	0.108434	6727.736025	
CAR_HEV	0.000000	0.000000	10.000000	0.000000	0.000000	1000000.000000	0.000000	0.000000	1.000000	0.000000	0.051370	0.108434	0.000000	
CAR_PHEV	0.000000	0.000000	10.000000	0.000000	0.000000	1000000.000000	0.000000	0.000000	0.000000	0.000000	0.051370	0.108434	0.000000	
CAR_BEV	28388.958107	433.481186	10.000000	0.000000	63.111141	1000000.000000	0.000000	0.100000	1.000000	0.051370	0.051370	0.108434	24297.789425	
CAR_FUEL_CELL	434.774060	2.687830	10.000000	1.000000	1.000000	1000000.000000	0.000000	0.000000	0.000000	0.000000	0.051370	0.108434	786.000000	
TRAIN_FREIGHT	981.504335	19.630087	40.000000	0.000000	9.399979	1000000.000000	0.000000	1.000000	1.000000	0.342466	0.342466	0.033427	0.000000	
BOAT_FREIGHT_DIESEL	3540.365132	177.018257	40.000000	0.000000	46.346598	1000000.000000	0.000000	0.950000	1.000000	0.114155	0.114155	0.033427	0.000000	
BOAT_FREIGHT_NG	186.335007	9.316750	40.000000	0.000000	2.439295	1000000.000000	0.000000	0.050000	0.050000	0.114155	0.114155	0.033427	0.000000	
TRUCK_DIESEL	89579.686884	4478.984345	15.000000	0.000000	241.382390	1000000.000000	0.000000	0.955000	1.000000	0.092593	0.092593	0.074944	0.000000	
TRUCK_FUEL_CELL	508.321263	15.249638	15.000000	0.000000	1.263782	1000000.000000	0.000000	0.005000	0.005000	0.092593	0.092593	0.074944	0.000000	
TRUCK_NG	3752.028770	187.601439	15.000000	0.000000	10.110257	1000000.000000	0.000000	0.040000	0.040000	0.092593	0.092593	0.074944	0.000000	
NON_ENERGY_OIL	0.000000	0.000000	1.000000	0.000000	0.000000	100000.000000	0.000000	0.000000	1.000000	0.000000	1.000000	1.015000	0.000000	
NON_ENERGY_NG	0.000000	0.000000	1.000000	0.000000	0.000000	100000.000000	0.000000	0.000000	1.000000	0.000000	1.000000	1.015000	0.000000	
DAM_STORAGE	0.000000	0.000000	1.000000	9554.000000	9554.000000	9554.000000	0.000000	-1.000000	1.000000	0.000181	1.000000	1.015000	
PHS	162405.600000	0.000000	50.000000	2762.000000	2762.000000	2762.000000	0.000000	-1.000000	1.000000	0.000237	1.000000	0.028572	
BATT_LI	0.000000	0.000000	15.000000	0.000000	0.000000	100000.000000	0.000000	-1.000000	1.000000	0.000000	1.000000	0.074944	
CAES	0.000000	0.000000	50.000000	0.000000	0.000000	0.000000	0.000000	-1.000000	1.000000	0.000000	1.000000	0.028572	
BEV_BATT	0.000000	0.000000	1.000000	0.000000	26.400000	100000.000000	0.000000	-1.000000	1.000000	0.006016	1.000000	1.015000	
PHEV_BATT	0.000000	0.000000	1.000000	0.000000	0.000000	100000.000000	0.000000	-1.000000	1.000000	0.000000	1.000000	1.015000	
TS_DEC_HP_ELEC	1056.717978	7.397026	25.000000	0.000000	55.699365	100000.000000	0.000000	-1.000000	1.000000	0.046358	1.000000	0.048263	
TS_DEC_DIRECT_ELEC	0.000000	0.000000	25.000000	0.000000	0.000000	100000.000000	0.000000	-1.000000	1.000000	0.000000	1.000000	0.048263	
TS_DHN_DAILY	0.000000	0.000000	40.000000	0.000000	0.000000	100000.000000	0.000000	-1.000000	1.000000	0.000000	1.000000	0.033427	
TS_DHN_SEASONAL	699.119555	3.883998	25.000000	0.000000	1294.665843	100000.000000	0.000000	-1.000000	1.000000	0.000292	1.000000	0.048263	
TS_DEC_THHP_GAS	0.000000	0.000000	25.000000	0.000000	0.000000	100000.000000	0.000000	-1.000000	1.000000	0.000000	1.000000	0.048263	
TS_DEC_COGEN_GAS	0.000000	0.000000	25.000000	0.000000	0.000000	100000.000000	0.000000	-1.000000	1.000000	0.000000	1.000000	0.048263	
TS_DEC_COGEN_OIL	0.000000	0.000000	25.000000	0.000000	0.000000	100000.000000	0.000000	-1.000000	1.000000	0.000000	1.000000	0.048263	
TS_DEC_ADVCOGEN_GAS	0.000000	0.000000	25.000000	0.000000	0.000000	100000.000000	0.000000	-1.000000	1.000000	0.000000	1.000000	0.048263	
TS_DEC_ADVCOGEN_H2	0.000000	0.000000	25.000000	0.000000	0.000000	100000.000000	0.000000	-1.000000	1.000000	0.000000	1.000000	0.048263	
TS_DEC_BOILER_GAS	503.758887	3.526312	25.000000	0.000000	26.553017	100000.000000	0.000000	-1.000000	1.000000	0.040830	1.000000	0.048263	
TS_DEC_BOILER_WOOD	531.817835	3.722725	25.000000	0.000000	28.031997	100000.000000	0.000000	-1.000000	1.000000	0.033668	1.000000	0.048263	
TS_DEC_BOILER_OIL	418.526466	2.929685	25.000000	0.000000	22.060435	100000.000000	0.000000	-1.000000	1.000000	0.034878	1.000000	0.048263	
SEASONAL_NG	0.000000	0.000000	30.000000	0.000000	0.000000	100000.000000	0.000000	-1.000000	1.000000	0.000000	1.000000	0.041639	
SEASONAL_H2	0.147771	0.000716	20.000000	0.000000	0.023873	100000.000000	0.000000	-1.000000	1.000000	0.037554	1.000000	0.058246	
CO2_STORAGE	0.000000	0.000000	20.000000	0.000000	0.000000	100000.000000	0.000000	-1.000000	1.000000	0.000000	1.000000	0.058246	
SLF_STO	0.048759	0.003048	20.000000	0.000000	7.678625	100000.000000	0.000000	-1.000000	1.000000	0.103150	1.000000	0.058246	
PT_STORAGE	4086.732271	40.859803	25.000000	0.000000	110.581335	100000.000000	0.000000	-1.000000	1.000000	0.036733	1.000000	0.048263	
ST_STORAGE	41.342522	0.413230	25.000000	0.000000	2.164643	100000.000000	0.000000	-1.000000	1.000000	0.038571	1.000000	0.048263	
TS_MOLTEN_SALT	0.000000	0.000000	25.000000	0.000000	0.000000	100000.000000	0.000000	-1.000000	1.000000	0.000000	1.000000	0.048263	
TS_COLD	8765.562099	105.186745	20.000000	0.000000	350.622484	100000.000000	0.000000	-1.000000	1.000000	0.006463	1.000000	0.058246	
EFFICIENCY	3270.935961	0.000000	1.000000	0.000000	0.985222	100000.000000	0.000000	-1.000000	1.000000	0.000000	1.000000	1.015000	
DHN	2161.687217	0.000000	60.000000	0.000000	2.617427	100000.000000	0.000000	-1.000000	1.000000	0.000000	1.000000	0.025393	
GRID	246125.663000	0.000000	80.000000	0.000000	1.082265	100000.000000	0.000000	-1.000000	1.000000	0.000000	1.000000	0.021548	
PT_COLLECTOR	286798.440621	3988.692989	25.000000	0.000000	63.666289	100000.000000	0.000000	-1.000000	1.000000	0.193449	1.000000	0.048263	
ST_COLLECTOR	10227.059419	116.784921	25.000000	0.000000	1.853729	100000.000000	0.000000	-1.000000	1.000000	0.193449	1.000000	0.048263	
H2_ELECTROLYSIS	0.000000	0.000000	15.000000	0.000000	0.000000	100000.000000	0.000000	-1.000000	1.000000	0.000000	0.900000	0.074944	
H2_NG	55.356425	5.235843	25.000000	0.000000	0.081258	100000.000000	0.000000	-1.000000	1.000000	0.860000	0.860000	0.048263	
H2_BIOMASS	0.000000	0.000000	25.000000	0.000000	0.000000	100000.000000	0.000000	-1.000000	1.000000	0.000000	0.860000	0.048263	
GASIFICATION_SNG	0.000000	0.000000	25.000000	0.000000	0.000000	100000.000000	0.000000	-1.000000	1.000000	0.000000	0.850000	0.048263	
PYROLYSIS	2612.306925	130.607157	25.000000	0.000000	1.943366	100000.000000	0.000000	-1.000000	1.000000	0.850000	0.850000	0.048263	
ATM_CCS	0.000000	0.000000	40.000000	0.000000	0.000000	100000.000000	0.000000	-1.000000	1.000000	0.000000	1.000000	0.033427	
INDUSTRY_CCS	0.000000	0.000000	40.000000	0.000000	0.000000	100000.000000	0.000000	-1.000000	1.000000	0.000000	1.000000	0.033427	
SYN_METHANOLATION	0.000000	0.000000	20.000000	0.000000	0.000000	100000.000000	0.000000	-1.000000	1.000000	0.000000	0.950000	0.058246	
SYN_METHANATION	0.000000	0.000000	40.000000	0.000000	0.000000	100000.000000	0.000000	-1.000000	1.000000	0.000000	1.000000	0.033427	
BIOMETHANATION	2319.957024	19.554123	20.000000	0.000000	1.396723	100000.000000	0.000000	-1.000000	1.000000	0.850000	0.850000	0.058246	
SLF_TO_DIESEL	0.000000	0.000000	1.000000	0.000000	100000.000000	100000.000000	0.000000	-1.000000	1.000000	0.000000	1.000000	1.015000	
SLF_TO_GASOLINE	0.000000	0.000000	1.000000	0.000000	100000.000000	100000.000000	0.000000	-1.000000	1.000000	0.000017	1.000000	1.015000	
SLF_TO_LFO	0.000000	0.000000	1.000000	0.000000	100000.000000	100000.000000	0.000000	-1.000000	1.000000	0.000000	1.000000	1.015000	