TECHNOLOGIES	 c_inv	 c_maint	 lifetime	  f_min	 f	 f_max	 fmin_perc	f_perc	 fmax_perc	 c_p	 c_p_max	 tau	 gwp_constr
 UNITS	[MCHCapitalf/GW]	 [MCHCapitalf/GW]	 [y]	 [GW or GWh]	 [GW or GWh]	 [GW or GWh]	 [0-1]	 [0-1]	 [0-1]	 [0-1]	 [0-1]	 [-]	 [ktCO2-eq./GW or GWh] 
NUCLEAR	0.000000	0.000000	60.000000	0.000000	0.000000	10000.000000	0.000000	0.000000	1.000000	0.000000	0.849000	0.025393	0.000000	
CCGT	0.000000	0.000000	25.000000	0.000000	0.000000	10000.000000	0.000000	0.000000	1.000000	0.000000	0.150000	0.048263	0.000000	
COAL_US	0.000000	0.000000	35.000000	0.000000	0.000000	10000.000000	0.000000	0.000000	1.000000	0.000000	0.618000	0.036934	0.000000	
COAL_IGCC	0.000000	0.000000	35.000000	0.000000	0.000000	0.000000	0.000000	0.000000	1.000000	0.000000	0.856000	0.036934	0.000000	
PV	4057.680000	50.441160	25.000000	4.664000	4.664000	907.674000	0.000000	0.015798	1.000000	0.194966	1.000000	0.048263	9707.789520	
PT_POWER_BLOCK	2321.556825	139.239625	25.000000	2.222500	2.222500	7.016400	0.000000	0.000000	1.000000	0.000000	1.000000	0.048263	0.000000	
ST_POWER_BLOCK	39.177690	3.213000	25.000000	0.051000	0.051000	0.294490	0.000000	0.000000	1.000000	0.000000	1.000000	0.048263	0.000000	
STIRLING_DISH	15.345000	0.241155	30.000000	0.002250	0.002250	0.007100	0.000000	0.000008	1.000000	0.193345	1.000000	0.041639	0.000000	
WIND_ONSHORE	221530.768317	615.599923	30.000000	23.020000	213.010354	214.404000	0.000000	0.928547	1.000000	0.250917	1.000000	0.041639	132673.499083	
WIND_OFFSHORE	0.000000	0.000000	30.000000	0.000000	0.000000	0.000000	0.000000	0.000000	1.000000	0.000000	1.000000	0.041639	0.000000	
HYDRO_DAM	68305.470968	341.499769	40.000000	16.260500	16.260500	16.300000	0.000000	0.039313	1.000000	0.139165	1.000000	0.033427	27527.075240	
HYDRO_RIVER	5888.178303	58.876646	40.000000	1.167150	1.167150	1.167160	0.000000	0.016330	1.000000	0.805341	1.000000	0.033427	1473.900363	
NEW_TIDAL_STREAM	0.000000	0.000000	20.000000	0.000000	0.000000	0.000000	0.000000	0.000000	0.000000	0.000000	1.000000	0.058246	0.000000	
TIDAL_STREAM	0.000000	0.000000	20.000000	0.000000	0.000000	0.070000	0.000000	0.000000	1.000000	0.000000	1.000000	0.058246	0.000000	
TIDAL_RANGE	0.000000	0.000000	40.000000	0.000000	0.000000	0.070000	0.000000	0.000000	1.000000	0.000000	1.000000	0.033427	0.000000	
WAVE	0.566973	0.012474	20.000000	0.000296	0.000297	0.000297	0.000000	0.000005	1.000000	1.000000	1.000000	0.058246	0.000000	
GEOTHERMAL	0.000000	0.000000	30.000000	0.000000	0.000000	0.000000	0.000000	0.000000	1.000000	0.000000	0.860000	0.041639	0.000000	
IND_COGEN_GAS	0.000000	0.000000	25.000000	0.000000	0.000000	100000.000000	0.000000	0.000000	1.000000	0.000000	0.850000	0.048263	0.000000	
IND_COGEN_WOOD	0.000000	0.000000	25.000000	0.000000	0.000000	100000.000000	0.000000	0.000000	1.000000	0.000000	0.850000	0.048263	0.000000	
IND_COGEN_WASTE	0.000000	0.000000	25.000000	0.000000	0.000000	100000.000000	0.000000	0.000000	1.000000	0.000000	0.850000	0.048263	0.000000	
IND_BOILER_GAS	0.000000	0.000000	17.000000	0.000000	0.000000	100000.000000	0.000000	0.000000	0.300000	0.000000	0.950000	0.067080	0.000000	
IND_BOILER_WOOD	650.503218	13.010064	17.000000	0.000000	5.647743	100000.000000	0.000000	0.382509	1.000000	0.709431	0.900000	0.067080	163.050340	
IND_BOILER_OIL	0.000000	0.000000	17.000000	0.000000	0.000000	100000.000000	0.000000	-0.000000	1.000000	-0.000000	0.950000	0.067080	0.000000	
IND_BOILER_COAL	0.000000	0.000000	17.000000	0.000000	0.000000	100000.000000	0.000000	0.000000	0.100000	0.000000	0.900000	0.067080	0.000000	
IND_BOILER_WASTE	555.970748	11.119415	17.000000	0.000000	4.827001	100000.000000	0.000000	0.341417	0.500000	0.740887	0.900000	0.067080	139.355528	
IND_DIRECT_ELEC	2292.992263	10.401841	15.000000	0.000000	6.899457	100000.000000	0.000000	0.276073	1.000000	0.419134	0.950000	0.074944	10.142202	
DHN_HP_ELEC	3020.688011	105.100941	25.000000	0.000000	8.761694	100000.000000	0.000000	0.400000	0.400000	0.397471	0.950000	0.048263	1531.456421	
DHN_COGEN_GAS	0.000000	0.000000	25.000000	0.000000	0.000000	100000.000000	0.000000	0.000000	1.000000	0.000000	0.850000	0.048263	0.000000	
DHN_COGEN_WOOD	0.000000	0.000000	25.000000	0.000000	0.000000	100000.000000	0.000000	0.000000	1.000000	0.000000	0.850000	0.048263	0.000000	
DHN_COGEN_WET_BIOMASS	0.000000	0.000000	25.000000	0.000000	0.000000	100000.000000	0.000000	0.000000	0.000000	0.000000	0.750000	0.048263	0.000000	
DHN_COGEN_WASTE	0.000000	0.000000	25.000000	0.000000	0.000000	100000.000000	0.000000	0.000000	1.000000	0.000000	0.850000	0.048263	0.000000	
DHN_BOILER_GAS	0.000000	0.000000	17.000000	0.000000	0.000000	100000.000000	0.000000	0.000000	1.000000	0.000000	0.950000	0.067080	0.000000	
DHN_BOILER_WOOD	700.073005	14.001460	17.000000	0.000000	6.078114	100000.000000	0.000000	0.212307	1.000000	0.304110	0.900000	0.067080	175.475137	
DHN_BOILER_OIL	0.000000	0.000000	17.000000	0.000000	0.000000	100000.000000	0.000000	0.000000	1.000000	0.000000	0.950000	0.067080	0.000000	
DHN_DEEP_GEO	5956.530160	226.506987	30.000000	0.000000	3.971020	100000.000000	0.000000	0.387693	0.500000	0.850000	0.850000	0.041639	3211.602222	
DHN_SOLAR	0.000000	0.000000	30.000000	0.000000	0.000000	100000.000000	0.000000	0.000000	1.000000	0.000000	1.000000	0.041639	0.000000	
DEC_HP_ELEC	13243.602611	566.592800	18.000000	0.000000	26.915678	10000.000000	0.000000	0.400000	0.400000	0.280333	1.000000	0.063806	4438.126216	
DEC_THHP_GAS	0.000000	0.000000	20.000000	0.000000	0.000000	100000.000000	0.000000	0.000000	0.000000	0.000000	1.000000	0.058246	0.000000	
DEC_COGEN_GAS	0.000000	0.000000	20.000000	0.000000	0.000000	100000.000000	0.000000	0.000000	1.000000	0.000000	1.000000	0.058246	0.000000	
DEC_COGEN_OIL	0.000000	0.000000	20.000000	0.000000	0.000000	100000.000000	0.000000	0.000000	1.000000	0.000000	1.000000	0.058246	0.000000	
DEC_ADVCOGEN_GAS	0.000000	0.000000	20.000000	0.000000	0.000000	100000.000000	0.000000	0.000000	1.000000	0.000000	1.000000	0.058246	0.000000	
DEC_ADVCOGEN_H2	0.000000	0.000000	20.000000	0.000000	0.000000	100000.000000	0.000000	0.000000	1.000000	0.000000	1.000000	0.058246	0.000000	
DEC_BOILER_GAS	1540.064549	46.211033	17.000000	0.000000	9.714323	100000.000000	0.000000	0.134991	0.420000	0.262127	1.000000	0.067080	204.875078	
DEC_BOILER_WOOD	0.000000	0.000000	17.000000	0.000000	0.000000	100000.000000	0.000000	0.000000	1.000000	0.000000	1.000000	0.067080	0.000000	
DEC_BOILER_OIL	0.000000	0.000000	17.000000	0.000000	0.000000	100000.000000	0.000000	0.000000	0.300000	0.000000	1.000000	0.067080	0.000000	
DEC_SOLAR	5053.710665	56.861649	20.000000	0.000000	7.028073	100000.000000	0.000000	0.071467	0.200000	0.191818	1.000000	0.058246	1554.750414	
DEC_DIRECT_ELEC	1397.112402	6.218116	15.000000	0.000000	34.949083	100000.000000	0.000000	0.393542	1.000000	0.212410	1.000000	0.074944	51.375151	
BIG_SPLIT	10880.717355	437.714375	15.000000	0.000000	46.899644	100000.000000	0.000000	1.000000	1.000000	0.183609	1.000000	0.074944	0.000000	
CHILLER_WC	380.365297	15.214612	20.000000	0.000000	3.196347	100000.000000	0.000000	1.000000	1.000000	1.000000	1.000000	0.058246	0.000000	
TRAMWAY_TROLLEY	14200.006821	284.000136	30.000000	0.000000	22.720011	100000.000000	0.000000	0.300000	0.300000	0.342466	0.342466	0.041639	0.000000	
BUS_COACH_DIESEL	0.000000	0.000000	15.000000	0.000000	0.000000	1000000.000000	0.000000	0.000000	1.000000	0.000000	0.296804	0.074944	0.000000	
BUS_COACH_HYDIESEL	0.000000	0.000000	15.000000	0.000000	0.000000	1000000.000000	0.000000	0.000000	1.000000	0.000000	0.296804	0.074944	0.000000	
BUS_COACH_CNG_STOICH	36580.188461	1829.009423	15.000000	0.000000	59.858490	1000000.000000	0.000000	0.685000	1.000000	0.296804	0.296804	0.074944	0.000000	
BUS_COACH_FC_HYBRIDH2	0.000000	0.000000	15.000000	0.000000	0.000000	1000000.000000	0.000000	0.000000	1.000000	0.000000	0.296804	0.074944	0.000000	
TRAIN_PUB	0.000000	0.000000	40.000000	0.000000	0.000000	1000000.000000	0.000000	0.000000	0.500000	0.000000	0.275073	0.033427	0.000000	
BOAT_PASS_DIESEL	173.555639	8.677782	40.000000	0.000000	2.272001	1000000.000000	0.000000	0.010000	0.010000	0.114155	0.114155	0.033427	0.000000	
BOAT_PASS_NG	86.777819	4.338891	40.000000	0.000000	1.136001	1000000.000000	0.000000	0.005000	0.005000	0.114155	0.114155	0.033427	0.000000	
PLANES	0.000000	0.000000	30.000000	0.000000	0.000000	1000000.000000	0.000000	0.000000	0.250000	0.000000	0.342460	0.041639	0.000000	
CAR_GASOLINE	0.000000	0.000000	10.000000	0.000000	0.000000	1000000.000000	0.000000	0.000000	1.000000	0.000000	0.051370	0.108434	0.000000	
CAR_DIESEL	0.000000	0.000000	10.000000	0.000000	0.000000	1000000.000000	0.000000	0.000000	1.000000	0.000000	0.051370	0.108434	0.000000	
MOTORCYCLE	0.000000	0.000000	10.000000	0.000000	0.000000	1000000.000000	0.000000	0.000000	1.000000	0.000000	0.008200	0.108434	0.000000	
CAR_NG	0.000000	0.000000	10.000000	0.000000	0.000000	1000000.000000	0.000000	0.000000	0.500000	0.000000	0.051370	0.108434	0.000000	
CAR_HEV	0.000000	0.000000	10.000000	0.000000	0.000000	1000000.000000	0.000000	0.000000	0.300000	0.000000	0.051370	0.108434	0.000000	
CAR_PHEV	0.000000	0.000000	10.000000	0.000000	0.000000	1000000.000000	0.000000	0.000000	0.000000	0.000000	0.051370	0.108434	0.000000	
CAR_BEV	0.000000	0.000000	10.000000	0.000000	0.000000	1000000.000000	0.000000	0.000000	0.400000	0.000000	0.051370	0.108434	0.000000	
CAR_FUEL_CELL	329269.045796	2035.584080	10.000000	1.000000	757.333696	1000000.000000	0.000000	1.000000	1.000000	0.051370	0.051370	0.108434	595264.285350	
TRAIN_FREIGHT	3209.519176	64.190384	40.000000	0.000000	30.737932	1000000.000000	0.000000	1.000000	1.000000	0.342466	0.342466	0.033427	0.000000	
BOAT_FREIGHT_DIESEL	0.000000	0.000000	40.000000	0.000000	0.000000	1000000.000000	0.000000	0.000000	1.000000	0.000000	0.114155	0.033427	0.000000	
BOAT_FREIGHT_NG	3726.700139	186.335007	40.000000	0.000000	48.785893	1000000.000000	0.000000	1.000000	1.000000	0.114155	0.114155	0.033427	0.000000	
TRUCK_DIESEL	0.000000	0.000000	15.000000	0.000000	0.000000	1000000.000000	0.000000	0.000000	1.000000	0.000000	0.092593	0.074944	0.000000	
TRUCK_FUEL_CELL	69920.393808	2097.611815	15.000000	0.000000	173.835233	1000000.000000	0.000000	1.000000	1.000000	0.092593	0.092593	0.074944	0.000000	
TRUCK_NG	0.000000	0.000000	15.000000	0.000000	0.000000	1000000.000000	0.000000	0.000000	1.000000	0.000000	0.092593	0.074944	0.000000	
NON_ENERGY_OIL	0.000000	0.000000	1.000000	0.000000	0.000000	100000.000000	0.000000	0.000000	1.000000	0.000000	1.000000	1.015000	0.000000	
NON_ENERGY_NG	0.000000	0.000000	1.000000	0.000000	0.000000	100000.000000	0.000000	0.000000	1.000000	0.000000	1.000000	1.015000	0.000000	
DAM_STORAGE	0.000000	0.000000	1.000000	9554.000000	9554.000000	9554.000000	0.000000	-1.000000	1.000000	0.000194	1.000000	1.015000	
PHS	162405.600000	0.000000	50.000000	2762.000000	2762.000000	2762.000000	0.000000	-1.000000	1.000000	0.000847	1.000000	0.028572	
BATT_LI	0.000000	0.000000	15.000000	0.000000	0.000000	100000.000000	0.000000	-1.000000	1.000000	0.000000	1.000000	0.074944	
CAES	0.000000	0.000000	50.000000	0.000000	0.000000	0.000000	0.000000	-1.000000	1.000000	0.000000	1.000000	0.028572	
BEV_BATT	0.000000	0.000000	1.000000	0.000000	0.000000	100000.000000	0.000000	-1.000000	1.000000	0.000000	1.000000	1.015000	
PHEV_BATT	0.000000	0.000000	1.000000	0.000000	0.000000	100000.000000	0.000000	-1.000000	1.000000	0.000000	1.000000	1.015000	
TS_DEC_HP_ELEC	780.145279	5.461017	25.000000	0.000000	41.121281	100000.000000	0.000000	-1.000000	1.000000	0.039274	1.000000	0.048263	
TS_DEC_DIRECT_ELEC	500.334653	3.502343	25.000000	0.000000	26.372526	100000.000000	0.000000	-1.000000	1.000000	0.045660	1.000000	0.048263	
TS_DHN_DAILY	0.000000	0.000000	40.000000	0.000000	0.000000	100000.000000	0.000000	-1.000000	1.000000	0.000000	1.000000	0.033427	
TS_DHN_SEASONAL	1876.103400	10.422797	25.000000	0.000000	3474.265555	100000.000000	0.000000	-1.000000	1.000000	0.000558	1.000000	0.048263	
TS_DEC_THHP_GAS	0.000000	0.000000	25.000000	0.000000	0.000000	100000.000000	0.000000	-1.000000	1.000000	0.000000	1.000000	0.048263	
TS_DEC_COGEN_GAS	0.000000	0.000000	25.000000	0.000000	0.000000	100000.000000	0.000000	-1.000000	1.000000	0.000000	1.000000	0.048263	
TS_DEC_COGEN_OIL	0.000000	0.000000	25.000000	0.000000	0.000000	100000.000000	0.000000	-1.000000	1.000000	0.000000	1.000000	0.048263	
TS_DEC_ADVCOGEN_GAS	0.000000	0.000000	25.000000	0.000000	0.000000	100000.000000	0.000000	-1.000000	1.000000	0.000000	1.000000	0.048263	
TS_DEC_ADVCOGEN_H2	0.000000	0.000000	25.000000	0.000000	0.000000	100000.000000	0.000000	-1.000000	1.000000	0.000000	1.000000	0.048263	
TS_DEC_BOILER_GAS	141.419349	0.989935	25.000000	0.000000	7.454182	100000.000000	0.000000	-1.000000	1.000000	0.046605	1.000000	0.048263	
TS_DEC_BOILER_WOOD	0.000000	0.000000	25.000000	0.000000	0.000000	100000.000000	0.000000	-1.000000	1.000000	0.000000	1.000000	0.048263	
TS_DEC_BOILER_OIL	0.000000	0.000000	25.000000	0.000000	0.000000	100000.000000	0.000000	-1.000000	1.000000	0.000000	1.000000	0.048263	
SEASONAL_NG	665.305690	17.025573	30.000000	0.000000	13004.919847	100000.000000	0.000000	-1.000000	1.000000	0.000237	1.000000	0.041639	
SEASONAL_H2	310.007212	1.502458	20.000000	0.000000	50.081941	100000.000000	0.000000	-1.000000	1.000000	0.035390	1.000000	0.058246	
CO2_STORAGE	0.000000	0.000000	20.000000	0.000000	0.000000	100000.000000	0.000000	-1.000000	1.000000	0.000000	1.000000	0.058246	
SLF_STO	0.060182	0.003763	20.000000	0.000000	9.477537	100000.000000	0.000000	-1.000000	1.000000	0.000999	1.000000	0.058246	
PT_STORAGE	0.000000	0.000000	25.000000	0.000000	0.000000	100000.000000	0.000000	-1.000000	1.000000	0.000000	1.000000	0.048263	
ST_STORAGE	0.000000	0.000000	25.000000	0.000000	0.000000	100000.000000	0.000000	-1.000000	1.000000	0.000000	1.000000	0.048263	
TS_MOLTEN_SALT	0.000000	0.000000	25.000000	0.000000	0.000000	100000.000000	0.000000	-1.000000	1.000000	0.000000	1.000000	0.048263	
TS_COLD	9154.300443	109.851605	20.000000	0.000000	366.172018	100000.000000	0.000000	-1.000000	1.000000	0.009010	1.000000	0.058246	
EFFICIENCY	3270.935961	0.000000	1.000000	0.000000	0.985222	100000.000000	0.000000	-1.000000	1.000000	0.000000	1.000000	1.015000	
DHN	15535.534376	0.000000	60.000000	0.000000	18.810827	100000.000000	0.000000	-1.000000	1.000000	0.000000	1.000000	0.025393	
GRID	272911.177017	0.000000	80.000000	0.000000	1.200046	100000.000000	0.000000	-1.000000	1.000000	0.000000	1.000000	0.021548	
PT_COLLECTOR	0.000000	0.000000	25.000000	0.000000	0.000000	100000.000000	0.000000	-1.000000	1.000000	0.000000	1.000000	0.048263	
ST_COLLECTOR	0.000000	0.000000	25.000000	0.000000	0.000000	100000.000000	0.000000	-1.000000	1.000000	0.000000	1.000000	0.048263	
H2_ELECTROLYSIS	4371.072931	437.147215	15.000000	0.000000	14.210944	100000.000000	0.000000	-1.000000	1.000000	0.598239	0.900000	0.074944	
H2_NG	9681.114125	915.680361	25.000000	0.000000	14.210944	100000.000000	0.000000	-1.000000	1.000000	0.407603	0.860000	0.048263	
H2_BIOMASS	0.000000	0.000000	25.000000	0.000000	0.000000	100000.000000	0.000000	-1.000000	1.000000	0.000000	0.860000	0.048263	
GASIFICATION_SNG	0.000000	0.000000	25.000000	0.000000	0.000000	100000.000000	0.000000	-1.000000	1.000000	0.000000	0.850000	0.048263	
PYROLYSIS	43.887300	2.194227	25.000000	0.000000	0.032649	100000.000000	0.000000	-1.000000	1.000000	0.850000	0.850000	0.048263	
ATM_CCS	0.000000	0.000000	40.000000	0.000000	0.000000	100000.000000	0.000000	-1.000000	1.000000	0.000000	1.000000	0.033427	
INDUSTRY_CCS	0.000000	0.000000	40.000000	0.000000	0.000000	100000.000000	0.000000	-1.000000	1.000000	0.000000	1.000000	0.033427	
SYN_METHANOLATION	0.000000	0.000000	20.000000	0.000000	0.000000	100000.000000	0.000000	-1.000000	1.000000	0.000000	0.950000	0.058246	
SYN_METHANATION	0.000000	0.000000	40.000000	0.000000	0.000000	100000.000000	0.000000	-1.000000	1.000000	-0.000000	1.000000	0.033427	
BIOMETHANATION	33065.763738	278.699995	20.000000	0.000000	19.907143	100000.000000	0.000000	-1.000000	1.000000	0.850000	0.850000	0.058246	
SLF_TO_DIESEL	0.000000	0.000000	1.000000	0.000000	100000.000000	100000.000000	0.000000	-1.000000	1.000000	0.000000	1.000000	1.015000	
SLF_TO_GASOLINE	0.000000	0.000000	1.000000	0.000000	100000.000000	100000.000000	0.000000	-1.000000	1.000000	0.000000	1.000000	1.015000	
SLF_TO_LFO	0.000000	0.000000	1.000000	0.000000	100000.000000	100000.000000	0.000000	-1.000000	1.000000	0.000000	1.000000	1.015000	